Individual_ID	CXX.402	CXX.402.2	AHT.142	AHT.142.2	REN105L03	REN105L03.2	CPH18	CPH18.2	CPH8	CPH8.2	REN54P11	REN54P11.2	RF2001Fam	RF2001Fam.2	RFcph 2.2	RFcph 2	fh2088	fh2088.2	REN162C04	REN162C04.2	AHTh171	AHTh171.2	INU055	INU055.2	fh2010	fh2010.2	fh2004	fh2004.2	Lat	Long
F16-048	78	78	130	132	154	160	168	178	174	174	210	216	216	220	84	84	104	108	174	174	172	172	212	216	222	222	260	260	39.00009	-121.13532
F16-049	78	78	130	132	154	160	168	178	174	174	210	216	220	220	84	84	108	108	174	174	172	172	212	216	222	222	260	260	39.00009	-121.13532
F16-063	78	78	130	130	162	164	168	180	172	174	206	214	216	220	84	84	104	108	174	190	158	170	218	222	218	218	246	260	38.89212	-121.10624
F16-066	80	80	132	132	154	154	170	172	174	174	206	206	216	220	84	84	104	112	176	176	158	164	214	222	222	222	242	260	38.89220	-121.10624
F16-081	76	76	130	132	160	162	174	178	174	174	206	206	216	220	84	84	104	112	176	176	158	170	212	216	218	222	246	260	38.96327	-121.14464
F16-086	78	78	132	132	162	164	178	180	174	174	212	214	216	220	84	84	100	108	170	174	170	170	210	218	222	222	260	260	38.97282	-121.13525
F16-087	78	78	132	132	162	164	178	180	174	174	212	214	216	220	84	84	100	108	170	174	170	170	210	218	222	222	260	260	38.98433	-121.11286
F16-095	78	78	122	132	166	170	178	178	174	174	204	212	216	220	84	84	104	108	176	176	158	174	214	216	218	222	260	260	38.97123	-121.13557
F16-105	78	78	130	132	154	160	168	178	174	174	210	216	220	220	84	84	108	108	158	174	172	172	212	216	222	222	242	260	38.91504	-121.08819
F16-106	78	78	130	132	154	160	168	178	174	174	210	216	220	220	84	84	108	108	158	174	172	172	212	216	222	222	260	260	38.89308	-121.10735
F16-115	78	80	130	130	162	164	168	180	172	174	206	214	216	220	86	86	104	108	174	190	158	170	218	222	218	218	246	260	38.89559	-121.13514
F16-119b	78	80	132	132	154	154	170	172	174	174	206	212	216	220	84	86	104	108	176	176	170	172	216	218	222	222	246	260	38.89398	-121.13244
F16-121	78	78	132	132	160	162	168	178	174	174	204	204	220	220	84	84	104	108	174	176	158	172	210	210	222	222	246	246	38.89363	-121.13145
F16-126	78	78	130	132	154	162	178	178	174	174	206	212	216	220	84	84	104	108	176	176	170	172	216	218	222	222	246	260	38.97564	-121.13702
F16-128	78	78	132	140	160	162	170	178	174	174	206	216	220	220	84	86	104	108	176	186	172	172	216	216	218	222	242	260	38.95054	-121.12597
F16-135	76	76	130	132	160	162	174	178	174	174	206	206	216	220	84	84	104	112	158	176	158	170	212	216	218	222	246	260	39.12271	-121.10601
F16-136	78	78	132	140	160	166	172	172	174	174	208	210	220	220	84	84	104	108	176	186	170	170	222	222	222	222	242	246	39.12470	-121.1016
F16-138	78	78	132	132	162	164	178	180	174	174	212	214	216	220	84	86	100	108	170	174	170	170	210	218	222	222	260	260	39.12332	-121.10886
F16-139	78	80	132	132	162	164	178	180	174	174	212	214	216	220	84	86	100	108	170	174	170	170	210	218	222	222	260	260	38.99200	-121.05205
F16-140	78	80	132	132	164	164	174	178	174	174	208	212	216	220	84	84	104	108	174	174	158	158	210	222	222	222	260	260	38.992907	-121.050195
F16-146	78	78	130	134	160	164	178	178	174	174	204	206	220	224	84	84	104	108	176	176	158	172	220	220	222	222	242	260	38.98933	-121.06999
F16-148	78	78	130	134	160	164	178	178	174	174	204	206	220	224	84	84	104	108	176	176	158	172	220	220	222	222	242	260	38.98901	-121.07336
F16-151	78	78	130	134	160	164	178	178	174	174	204	206	220	224	84	84	104	108	176	176	158	172	220	220	222	222	242	260	38.97995	-121.07121
F16-152	78	78	124	132	162	162	168	176	174	174	210	218	220	220	84	84	104	108	174	176	170	172	212	218	218	218	246	246	38.98054	-121.07294
F16-153	78	78	124	132	162	162	168	176	174	174	210	218	220	220	84	84	104	108	174	176	170	172	212	218	218	218	246	246	38.98640	-121.07432
F16-166	78	78	132	132	154	154	164	168	174	174	206	206	220	220	84	84	104	104	176	176	158	160	212	212	218	222	242	260	39.16623	-120.95308
F16-167	78	78	132	132	154	154	164	168	174	174	206	206	220	220	84	84	104	104	176	176	158	160	212	212	218	222	242	260	39.16557	-120.95284
F16-171	78	78	132	140	150	154	168	178	172	174	206	210	216	216	86	86	104	104	174	190	172	172	216	222	218	222	260	260	39.16568	-120.9688
F16-177	78	78	128	132	164	166	172	178	174	174	204	210	220	226	76	84	108	108	176	176	158	158	210	220	222	226	260	260	38.96603	-121.17032
F16-180	78	78	130	130	160	164	178	180	174	184	210	212	220	220	84	84	104	108	176	176	158	158	220	220	222	222	242	260	38.96603	-121.17032
F16-184	78	80	124	132	154	160	178	180	174	174	204	216	216	220	84	84	104	108	176	176	170	174	210	222	218	222	260	260	38.97648	-121.20338
F16-188	78	78	132	132	150	162	168	178	174	174	214	218	220	220	76	84	104	108	174	176	170	170	220	222	218	222	246	260	38.96889	-121.19733
F16-196	78	78	126	130	160	168	168	178	174	174	214	218	220	220	84	84	104	108	174	176	170	172	210	222	222	226	242	262	39.17745	-120.99669
F16-197	78	78	128	132	154	160	168	172	174	174	206	210	220	220	84	84	104	108	176	176	172	174	220	222	222	226	260	260	39.17721	-120.99743
F16-212	80	80	130	132	160	166	168	178	178	184	206	214	216	220	84	84	104	112	170	190	158	162	218	222	218	226	242	260	39.00313	-121.05651
F16-215b	78	78	130	132	160	166	168	178	178	184	206	214	216	220	84	84	104	112	170	190	158	162	218	222	218	226	242	260	39.00099	-121.06932
F16-219	78	78	124	132	162	162	168	176	174	174	210	218	220	220	84	84	104	108	174	176	170	172	220	220	222	222	242	260	38.99071	-121.07887
F16-220	78	80	124	132	162	164	178	178	174	174	216	218	216	220	84	84	104	108	176	184	160	170	210	222	218	222	246	260	38.99071	-121.07887
F16-224	78	78	124	132	164	166	170	180	174	174	208	214	216	220	84	84	100	108	176	176	158	158	220	222	222	226	246	260	39.31688	-120.81556
F16-227	78	78	124	132	160	160	172	176	174	174	208	212	220	220	84	84	104	108	174	190	160	170	222	222	218	222	242	260	39.31178	-120.82503
F16-230	78	78	124	130	160	162	164	178	174	174	208	208	212	220	84	84	104	108	176	176	158	174	212	216	218	222	260	260	39.30950 	-120.82089
F16-232	78	78	124	132	160	160	172	176	174	174	208	212	220	220	84	84	104	108	174	190	160	170	222	222	218	222	242	260	39.31086	-120.81734
F16-234	78	78	124	132	160	160	172	176	174	174	208	212	220	220	84	84	104	108	174	190	160	170	222	222	218	222	242	260	39.30968	-120.80936
F16-237b	78	78	130	132	162	166	168	174	174	174	208	210	216	216	84	84	104	112	176	176	158	158	210	216	218	222	246	260	39.31275	-120.80121
F16-241	78	80	130	132	160	162	168	178	174	174	206	210	216	220	84	86	108	108	176	176	172	172	214	218	222	226	260	260	39.24273	-120.91092
F16-244	78	78	128	132	150	162	176	180	174	174	210	216	220	224	84	84	100	104	176	176	158	158	210	222	222	226	242	260	39.24497	-120.88875
F16-249	78	78	132	140	160	160	168	178	174	174	204	208	220	220	86	86	104	112	176	180	158	170	212	216	222	226	260	260	39.31770	-120.7806
F16-264	80	80	132	132	162	166	178	178	174	174	204	214	220	224	86	86	100	100	176	190	172	174	210	222	218	222	242	260	39.06398	-121.11411
F16-272b	78	78	130	132	154	164	168	168	184	184	212	212	216	224	84	86	104	108	174	174	158	158	214	214	222	222	242	260	39.06225803	-121.006035
F16-275b	78	78	132	132	160	164	178	178	174	184	212	216	220	220	84	86	104	108	174	174	158	172	212	222	222	226	242	246	39.06815998	-121.010203
F16-277b	78	78	130	132	154	164	168	168	184	184	212	216	224	224	84	86	104	108	174	174	158	160	214	222	222	222	242	260	39.075900	-121.004588
F16-279	78	78	132	132	166	168	178	178	174	174	208	210	216	216	84	84	104	104	174	174	158	172	220	222	222	222	260	260	39.08783399	-121.001564
F16-285b	78	78	128	132	162	162	170	178	174	174	210	216	216	220	84	84	104	108	176	184	166	170	218	222	222	222	242	262	39.09721602	-121.000389
F16-193	78	78	126	140	162	164	168	178	174	176	210	212	216	220	84	84	104	104	176	176	172	172	210	222	218	222	242		39.18757	-120.99966
F16-154	78	78	130	134	160	164	178	178	174	174	204	206	220	224	84	84	104	108	176	176	0	0	220	220	222	222	242	260	38.99131	-121.07522
F16-034	0	0	124	134	162	174	170	170	182	182	202	204	212	224	94	94	100	118	170	174	176	178	208	210	230	234	240	240	39.13608	-121.04546
F16-038	78	78	128	130	160	162	170	178	0	0	204	208	212	220	84	84	104	108	176	176	158	158	218	218	218	222	238	260	39.31054	-120.91349
F16-100	78	78	130	134	160	164	178	180	0	0	204	210	216	220	84	84	108	116	174	176	158	170	212	218	218	226	242	260	38.90069	-121.08891
F16-156	78	78	128	132	154	166	176	178	0	0	210	212	216	220	84	84	108	112	176	176	158	170	216	220	222	222	246	260	38.99244	-121.0754
F16-160	0	0	124	130	168	172	170	176	178	184	196	202	208	212	94	110	92	114	172	174	178	178	210	216	230	234	240	240	38.99155	-121.07152
F16-161	78	78	132	132	160	164	178	180	0	0	210	212	220	220	84	84	100	104	174	176	158	172	216	222	222	222	260	260	38.99125	-121.0716
F16-168	78	78	132	134	0	0	178	178	174	174	204	216	220	220	84	84	104	104	178	186	170	172	210	218	222	222	260	260	39.16517	-120.95253
F16-187	0	0	134	134	168	172	172	172	170	178	198	204	212	212	98	98	114	122	176	180	170	180	214	216	230	234	240	240	38.96917	-121.19759
F16-222	0	0	134	134	164	166	170	170	172	182	202	206	212	220	94	94	92	118	174	178	168	176	208	212	234	234	240	240	39.31669	-120.81465
F16-243	78	78	132	132	162	164	168	178	0	0	204	212	220	220	84	84	104	104	176	176	162	174	216	218	218	222	260	260	39.24443	-120.89095
F16-252b	78	78	132	132	154	160	170	170	0	0	206	206	220	220	86	86	104	108	176	192	172	174	210	220	222	222	246	260	39.32089	-120.75702
F16-258	0	0	124	134	166	172	170	170	168	172	200	204	212	220	94	94	92	122	174	178	178	182	210	216	230	230	240	240	39.32802	-120.76041
F16-263	0	0	132	138	168	170	170	172	172	172	200	204	208	212	98	98	92	114	174	174	178	178	210	210	234	234	240	240	39.05651	-121.11108
F16-302	78	78	124	130	0	0	168	178	174	174	206	216	220	220	84	84	104	112	176	190	158	158	218	222	218	222	246	260	39.07021598	-121.080471